1 1.2 -0.8
2 2.160 -1.820
3 3.000 -2.560
4 3.540 -3.060
5 3.880 -3.480
6 4.240 -3.680
7 4.400 -3.880
8 4.560 -4.080
10 4.720 -4.320
12 4.840 -4.320
15 4.920 -4.520
20 5.040 -4.640
25 5.040 -4.640
30 5.040 -4.640
40 5.160 -4.760
600 5.240 -4.840
1200 5.360 -4.960
1740 5.540 -5.040
2060 5.480 -5.080
2330 5.520 -5.120
8530 5.440 -5.160
11690 5.420 -5.120
15460 5.240 -4.960
20400 5.160 -4.880
25000 5.080 -4.760
27500 5.000 -4.680
30000 4.960 -4.640
32000 4.920 -4.600
35000 4.800 -4.480
40000 4.680 -4.360
45000 4.560 -4.240
50000 4.400 -4.080
55000 4.280 -3.880
60000 5.160 -3.720
65000 4.080 -3.640
70000 3.880 -3.480
75000 3.760 -3.320
80000 3.640 -3.240
85000 3.480 -3.080
90000 3.360 -2.960
95000 3.240 -2.840
100000 3.120 -2.720
110000 2.960 -2.560
120000 2.760 -2.360
130000 2.640 -2.240
140000 2.440 -2.040
150000 2.320 -1.920
160000 2.180 -1.780
170000 2.040 -1.720
180000 1.940 -1.620
190000 1.860 -1.520
200000 1.800 -1.460
220000 1.660 -1.320
240000 1.540 -1.240
260000 1.480 -1.100
280000 1.380 -1.020
300000 1.320 -0.960
340000 1.150 -0.870
380000 1.100 -0.750
420000 1.010 -0.670
450000 0.960 -0.640
500000 0.900 -0.590
550000 0.860 -0.550
600000 0.820 -0.510
650000 0.780 -0.470
700000 0.760 -0.430
750000 0.730 -0.380
800000 0.670 -0.380
900000 0.590 -0.270
1000000 0.484 -0.208