1 0.94
2 2
3 2.8
4 3.35
5 3.7
6 4
7 4.15
8 4.3
10 4.5
15 4.75
20 4.95
25 5
30 5
40 5
100 5.1
200 5.1
300 5.1
400 5.1
1100 5.1
1200 5.2
1800 5.25
2100 5.3
6200 5.25
8000 5.1
9000 5
10000 4.95
11000 4.85
12000 4.7
13000 4.65
14000 4.55
15000 4.4
16000 4.3
17000 4.2
18000 4.1
19000 4
20000 3.9
21000 3.8
22000 3.7
23000 3.6
24000 3.55
25000 3.45
27000 3.3
30000 3.05
35000 2.7
40000 2.45
45000 2.2
50000 2
55000 1.85
60000 1.75
65000 1.6
70000 1.5
75000 1.4
80000 1.3
90000 1.2
100000 1.1
110000 1
120000 0.9
130000 0.8
140000 0.75
150000 0.7
160000 0.65
170000 0.6
180000 0.56
190000 0.53
200000 0.5
220000 0.45
240000 0.4
270000 0.340
300000 0.29
350000 0.245
400000 0.2
450000 0.16
500000 0.13
600000 0.1